Leaky ReLU:
Fprop: [ 1.5   -0.036 -0.007  0.6   -0.041 -0.015]
Bprop: [[ 5.   0.1 -0.1 -5.   0.   0.1]]
ELU:
Fprop: [ 1.5        -0.97267628 -0.5034147   0.6        -0.98342732 -0.77686984]
Bprop: [[ 5.          0.27323722 -4.96585304 -5.          0.          2.2313016 ]]
SELU:
Fprop: [ 1.57605    -1.71009748 -0.88507166  0.63042    -1.72899929 -1.36584307]
Bprop: [[ 5.2535      0.48038829 -8.73064654 -5.2535      0.          3.92293236]]
